1 1407038937.00 0.00062 0.00025 0.00310 -0.05875
2 1407038938.00 -0.00033 -0.00051 -0.00071 -0.02860
3 1407038939.00 -0.00003 0.00065 -0.00161 0.01494
4 1407038940.00 -0.00061 0.00013 0.00387 0.06934
5 1407038941.00 0.00078 -0.00071 0.00201 0.07674
6 1407038942.00 0.00056 0.00067 0.00050 -0.01669
7 1407038943.00 -0.00049 0.00028 0.00656 0.04525
8 1407038944.00 0.00264 0.00108 0.00086 -0.02238
9 1407038945.00 -0.00002 -0.00028 0.00378 0.00683
10 1407038946.00 0.00056 0.00057 0.00211 0.04420
11 1407038947.00 0.00117 0.00150 0.00274 0.04920
12 1407038948.00 -0.00069 -0.00159 0.00504 -0.03719
13 1407038949.00 0.00092 0.00007 -0.00195 0.00336
14 1407038950.00 -0.00035 -0.00049 0.00255 0.04154
15 1407038951.00 0.00065 -0.00078 0.00204 -0.07407
16 1407038952.00 -0.00007 0.00091 0.00384 0.02459
17 1407038953.00 0.00153 -0.00035 0.00361 -0.02505
18 1407038954.00 0.00195 0.00105 0.00448 -0.02644
19 1407038955.00 -0.00049 0.00002 0.00171 -0.00268
20 1407038956.00 0.00124 -0.00061 0.00214 -0.02183
21 1407038957.00 -0.00021 0.00013 0.00306 -0.03369
22 1407038958.00 -0.00023 -0.00022 0.00175 0.02759
23 1407038959.00 0.00121 -0.00033 0.00398 0.00578
24 1407038960.00 0.00203 0.00031 0.00017 -0.04382
25 1407038961.00 -0.00022 -0.00039 0.00345 -0.02160
26 1407038962.00 -0.00047 0.00018 0.00310 -0.06214
27 1407038963.00 0.00131 -0.00048 0.00230 -0.08745
28 1407038964.00 -0.00094 -0.00100 0.00107 0.04911
29 1407038965.00 0.00172 0.00050 0.00252 0.01654
30 1407038966.00 0.00042 -0.00031 0.00187 0.07581
31 1407038967.00 0.00071 0.00007 0.00208 0.09499
32 1407038968.00 0.00061 -0.00026 0.00531 0.09857
33 1407038969.00 0.00034 0.00070 0.00274 0.06938
34 1407038970.00 0.00058 -0.00126 0.00046 0.07667
35 1407038971.00 -0.00114 0.00082 0.00123 -0.06240
36 1407038972.00 0.00243 -0.00115 0.00570 -0.05396
37 1407038973.00 -0.00014 -0.00009 0.00198 -0.06885
38 1407038974.00 0.00090 -0.00039 0.00338 0.00890
39 1407038975.00 0.00012 0.00044 0.00274 0.02618
40 1407038976.00 0.00042 0.00005 -0.00094 0.07722
41 1407038977.00 0.00099 -0.00171 0.00237 0.07466
42 1407038978.00 -0.00070 -0.00030 0.00366 -0.04810
43 1407038979.00 0.00210 0.00041 0.00286 -0.04085
44 1407038980.00 0.00283 0.00142 0.00115 -0.11069
45 1407038981.00 0.00040 -0.00067 0.00403 -0.18256
46 1407038982.00 -0.00025 -0.00044 0.00352 -0.17391
47 1407038983.00 0.00138 -0.00015 -0.00110 0.04730
48 1407038984.00 0.00087 0.00017 0.00755 0.07025
49 1407038985.00 0.00008 -0.00014 0.00264 0.06311
50 1407038986.00 -0.00075 -0.00075 0.00163 0.08155
51 1407038987.00 0.00126 0.00035 0.00202 0.02353
52 1407038988.00 0.00022 -0.00070 0.00193 -0.09157
53 1407038989.00 0.00223 -0.00036 -0.00009 -0.10896
54 1407038990.00 -0.00174 -0.00078 0.00407 0.01720
55 1407038991.00 0.00012 0.00024 0.00497 0.06724
56 1407038992.00 0.00181 0.00043 0.00283 0.02608
57 1407038993.00 0.00115 -0.00031 0.00278 -0.00197
58 1407038994.00 0.00137 0.00089 0.00117 0.06244
59 1407038995.00 0.00152 -0.00091 0.00103 0.11798
60 1407038996.00 0.00084 0.00001 0.00500 0.05020
61 1407038997.00 0.00297 -0.00074 0.00048 0.03690
62 1407038998.00 0.00120 0.00132 0.00033 0.05169
63 1407038999.00 0.00098 0.00010 0.00347 -0.03922
64 1407039000.00 0.00184 0.00141 0.00332 -0.04175
65 1407039001.00 0.00177 0.00031 0.00137 -0.05934
66 1407039002.00 0.00203 -0.00073 -0.00172 -0.06307
67 1407039003.00 0.00159 0.00101 0.00373 -0.01900
68 1407039004.00 -0.00100 -0.00030 0.00257 0.00448
69 1407039005.00 0.00207 0.00079 0.00082 0.09898
70 1407039006.00 -0.00155 0.00059 0.00236 -0.02486
71 1407039007.00 -0.00021 -0.00164 0.00082 -0.00514
72 1407039008.00 0.00156 -0.00037 0.00131 0.00863
73 1407039009.00 0.00027 -0.00044 0.00422 -0.03749
74 1407039010.00 -0.00110 -0.00007 0.00341 0.08194
75 1407039011.00 0.00271 -0.00062 0.00518 0.01078
76 1407039012.00 0.00146 0.00134 0.00077 0.07167
77 1407039013.00 0.00034 -0.00038 0.00457 0.01463
78 1407039014.00 0.00090 -0.00032 0.00223 -0.06003
79 1407039015.00 0.00053 0.00023 0.00220 -0.09536
80 1407039016.00 0.00014 0.00098 0.00276 -0.04403
81 1407039017.00 -0.00135 -0.00180 -0.00132 -0.00974
82 1407039018.00 -0.00225 -0.00084 0.00351 0.04729
83 1407039019.00 -0.00084 -0.00131 0.00172 0.03381
84 1407039020.00 0.00037 -0.00296 0.00047 0.01300
85 1407039021.00 0.00168 -0.00402 0.00158 -0.02979
86 1407039022.00 0.00336 -0.00633 0.00294 0.11287
87 1407039023.00 -0.00772 0.01389 0.00887 0.02636
88 1407039024.00 0.00517 0.00105 0.00195 -0.05218
89 1407039025.00 0.00606 -0.00661 0.00618 0.07423
90 1407039026.00 -0.00029 0.00659 0.00680 0.03386
91 1407039027.00 0.00077 -0.00376 -0.00058 0.04736
92 1407039028.00 -0.00064 0.00201 0.00059 -0.03130
93 1407039029.00 0.00221 -0.00235 0.00197 -0.07490
94 1407039030.00 -0.00169 -0.00151 0.00360 -0.12066
95 1407039031.00 -0.00161 0.00088 -0.00143 -0.19519
96 1407039032.00 -0.00136 -0.00083 0.00598 -0.13966
97 1407039033.00 0.00019 0.00113 -0.00301 0.00223
98 1407039034.00 0.00309 -0.00035 0.00014 0.12230
99 1407039035.00 0.00569 -0.00201 0.00069 0.08866
100 1407039036.00 0.00242 0.00461 0.00249 -0.01771
101 1407039037.00 0.00301 -0.00112 0.00469 -0.09631
102 1407039038.00 -0.00066 -0.00087 -0.00001 -0.01476
103 1407039039.00 0.00196 0.00455 0.00052 0.01894
104 1407039040.00 0.00246 -0.00215 0.00430 0.04479
105 1407039041.00 -0.00004 -0.00069 0.00601 0.19104
106 1407039042.00 0.00240 0.00259 -0.00017 0.12214
107 1407039043.00 0.00160 -0.00131 0.00103 -0.01817
108 1407039044.00 0.00170 -0.00089 0.00074 -0.01704
109 1407039045.00 0.00289 0.00020 0.00519 -0.00307
110 1407039046.00 -0.00045 -0.00069 -0.00122 -0.00516
111 1407039047.00 -0.00199 -0.00071 0.00585 0.00860
112 1407039048.00 -0.00034 -0.00199 0.00009 -0.06650
113 1407039049.00 0.00309 -0.00013 0.00408 -0.14295
114 1407039050.00 0.00069 0.00086 0.00176 0.02268
115 1407039051.00 0.00042 -0.00120 0.00448 0.05426
116 1407039052.00 0.00193 0.00041 0.00169 0.01414
117 1407039053.00 0.00279 0.00157 0.00412 0.05608
118 1407039054.00 0.00200 -0.00049 0.00502 0.05221
119 1407039055.00 0.00211 -0.00007 0.00226 -0.00318
120 1407039056.00 0.00101 -0.00081 0.00365 0.05845
