1 1407038936.20 -0.00301 0.00051 0.01325 -0.07672
2 1407038936.40 -0.00103 -0.00275 -0.00563 -0.05923
3 1407038936.60 0.00941 0.00607 -0.00064 -0.08108
4 1407038936.80 -0.01145 -0.01065 0.00678 -0.01764
5 1407038937.00 0.00868 0.00791 0.00319 -0.05840
6 1407038937.20 -0.00450 -0.00381 -0.00123 -0.06319
7 1407038937.40 0.00284 -0.00317 -0.00786 -0.07785
8 1407038937.60 -0.00245 0.00828 0.00069 -0.04836
9 1407038937.80 0.00401 -0.00541 0.00795 0.06509
10 1407038938.00 -0.00143 0.00173 -0.00463 -0.01932
11 1407038938.20 -0.00378 0.00067 -0.00287 0.02805
12 1407038938.40 -0.00245 0.00076 0.00426 0.02126
13 1407038938.60 0.00328 -0.00142 -0.00333 -0.01044
14 1407038938.80 -0.00437 0.00286 -0.00804 -0.03588
15 1407038939.00 0.00729 0.00050 0.00364 0.07227
16 1407038939.20 -0.00755 -0.00622 0.01429 0.01128
17 1407038939.40 0.00215 0.00227 -0.00727 0.05003
18 1407038939.60 0.00228 -0.00118 0.00022 0.08413
19 1407038939.80 -0.00044 -0.00125 0.00118 0.13639
20 1407038940.00 0.00085 0.00690 0.00995 0.06463
21 1407038940.20 0.00155 0.00200 -0.00064 0.03598
22 1407038940.40 -0.00441 -0.00405 -0.00142 0.04085
23 1407038940.60 0.00374 0.00201 0.00419 0.10561
24 1407038940.80 0.00134 -0.00309 -0.00383 0.11081
25 1407038941.00 0.00098 -0.00027 0.01200 0.09042
26 1407038941.20 0.00275 0.00413 -0.00022 -0.04526
27 1407038941.40 -0.00352 -0.00754 0.01119 -0.04104
28 1407038941.60 0.00029 0.00375 -0.01215 -0.03500
29 1407038941.80 0.00449 0.00124 0.01061 0.02958
30 1407038942.00 -0.00107 0.00187 -0.00722 0.00829
31 1407038942.20 0.00096 -0.00032 0.01348 0.00642
32 1407038942.40 0.00369 0.00069 0.00370 0.06084
33 1407038942.60 -0.00251 -0.00234 -0.00037 0.10088
34 1407038942.80 -0.00087 0.00481 -0.00183 0.05503
35 1407038943.00 -0.00328 -0.00166 0.01814 0.00308
36 1407038943.20 -0.00001 0.00237 -0.00435 0.09164
37 1407038943.40 0.00517 -0.00514 -0.00315 -0.04388
38 1407038943.60 0.00224 0.00830 0.00849 0.02236
39 1407038943.80 -0.00267 -0.00462 0.00881 -0.11983
40 1407038944.00 0.00789 0.00434 -0.00651 -0.06288
41 1407038944.20 -0.00997 -0.00104 0.00856 -0.02398
42 1407038944.40 0.00658 0.00080 0.00546 -0.03931
43 1407038944.60 0.00324 -0.00166 -0.00666 0.01761
44 1407038944.80 -0.00305 0.00002 0.01148 0.03343
45 1407038945.00 0.00328 0.00047 0.00091 0.04696
46 1407038945.20 -0.00443 0.00317 0.00396 0.10647
47 1407038945.40 0.00709 -0.00087 -0.00174 0.03939
48 1407038945.60 -0.00998 -0.00446 0.00126 0.04803
49 1407038945.80 0.00346 0.00579 0.00781 0.02636
50 1407038946.00 0.00657 -0.00078 -0.00134 0.00036
51 1407038946.20 -0.00139 0.00436 0.00457 0.06473
52 1407038946.40 -0.00542 -0.00095 0.01259 0.09661
53 1407038946.60 -0.00020 -0.00134 -0.01854 0.06641
54 1407038946.80 0.00464 0.00235 0.01236 0.01733
55 1407038947.00 0.00778 0.00313 0.00216 0.00079
56 1407038947.20 0.00163 -0.00564 0.00904 0.02753
57 1407038947.40 0.00018 0.00319 -0.00161 -0.12136
58 1407038947.60 -0.00650 -0.00552 0.00404 -0.10096
59 1407038947.80 0.00125 0.00121 0.00098 0.02976
60 1407038948.00 0.00054 -0.00127 0.01372 -0.02055
61 1407038948.20 -0.00049 0.00196 -0.01105 0.01622
62 1407038948.40 0.00391 -0.00198 0.00289 -0.03064
63 1407038948.60 -0.00343 -0.00116 -0.00083 -0.02115
64 1407038948.80 0.00186 0.00029 0.01172 0.00798
65 1407038949.00 0.00220 0.00170 -0.01148 0.04498
66 1407038949.20 -0.00365 -0.00174 0.00511 0.05135
67 1407038949.40 0.00589 0.00400 0.00525 -0.01694
68 1407038949.60 -0.00394 -0.00674 -0.00710 0.09339
69 1407038949.80 0.00450 0.00016 0.01010 0.02313
70 1407038950.00 -0.00401 0.00181 -0.00135 0.05659
71 1407038950.20 0.00321 -0.00167 0.01486 -0.01539
72 1407038950.40 -0.00681 0.00206 -0.01207 -0.04577
73 1407038950.60 0.00194 -0.00414 0.00209 -0.11059
74 1407038950.80 0.00671 0.00437 0.00450 -0.08915
75 1407038951.00 -0.00148 -0.00496 -0.00014 -0.11008
76 1407038951.20 0.00096 -0.00128 0.02060 -0.00700
77 1407038951.40 0.00404 0.00547 -0.00960 0.04396
78 1407038951.60 -0.00664 -0.00269 0.00273 -0.04872
79 1407038951.80 -0.00038 -0.00111 0.00501 0.07965
80 1407038952.00 0.00117 0.00447 0.00087 0.05529
81 1407038952.20 0.00133 -0.00278 0.00205 -0.05138
82 1407038952.40 0.00197 0.00022 -0.00403 0.04763
83 1407038952.60 0.00548 0.00402 0.00551 -0.06126
84 1407038952.80 -0.00638 -0.00000 0.00546 -0.03147
85 1407038953.00 0.00552 -0.00340 0.00873 -0.02906
86 1407038953.20 -0.00165 0.00148 0.00006 -0.03793
87 1407038953.40 -0.00255 -0.00371 0.00385 0.00723
88 1407038953.60 0.00926 0.00145 -0.00195 -0.09875
89 1407038953.80 -0.00528 0.00167 0.00724 -0.07086
90 1407038954.00 0.01012 0.00413 0.01373 0.06828
91 1407038954.20 -0.00684 -0.00107 -0.00252 0.00557
92 1407038954.40 0.00227 0.00173 0.00522 0.04166
93 1407038954.60 -0.00733 -0.00369 -0.00129 0.02115
94 1407038954.80 0.00827 0.00318 0.00378 -0.06361
95 1407038955.00 0.00093 0.00045 0.00344 -0.01794
96 1407038955.20 -0.00135 0.00030 0.00206 -0.04119
97 1407038955.40 0.01375 -0.00535 0.01324 -0.01445
98 1407038955.60 -0.01674 0.00201 -0.00632 0.00671
99 1407038955.80 0.00927 0.00140 0.00089 0.02091
100 1407038956.00 0.00123 -0.00156 0.00084 -0.08115
101 1407038956.20 0.00050 0.00150 -0.00172 -0.01405
102 1407038956.40 -0.00135 -0.00191 0.00438 -0.04088
103 1407038956.60 0.00265 0.00071 0.01040 -0.02586
104 1407038956.80 -0.00712 0.00106 -0.00539 -0.03965
105 1407038957.00 0.00457 -0.00073 0.00795 -0.04769
106 1407038957.20 -0.00039 0.00006 -0.00840 -0.04390
107 1407038957.40 0.00280 0.00104 0.01641 0.00559
108 1407038957.60 -0.00019 -0.00079 0.00463 0.05942
109 1407038957.80 0.00198 0.00285 -0.00170 0.05553
110 1407038958.00 -0.00551 -0.00448 -0.00293 0.06079
111 1407038958.20 0.00017 -0.00113 0.00469 0.06850
112 1407038958.40 0.00306 0.00204 0.00314 0.01207
113 1407038958.60 -0.00125 -0.00192 0.00163 -0.02397
114 1407038958.80 0.00170 0.00049 0.00273 -0.03705
115 1407038959.00 0.00231 -0.00125 0.00808 0.00958
116 1407038959.20 -0.00388 -0.00225 -0.00302 -0.03954
117 1407038959.40 0.00520 0.00191 0.00991 0.03563
118 1407038959.60 0.00464 0.00007 -0.00702 -0.00059
119 1407038959.80 0.00080 -0.00041 0.00579 -0.12685
120 1407038960.00 0.00338 0.00247 -0.00378 -0.08696
121 1407038960.20 -0.00760 -0.00750 0.00380 -0.05784
122 1407038960.40 0.00422 0.00211 0.00627 -0.08986
123 1407038960.60 0.00392 0.00460 -0.00558 -0.02144
124 1407038960.80 -0.00954 -0.00296 0.00396 -0.02512
125 1407038961.00 0.00781 0.00210 0.00704 0.08471
126 1407038961.20 -0.00544 -0.00044 -0.00148 -0.00748
127 1407038961.40 0.00388 -0.00252 0.00784 -0.12792
128 1407038961.60 0.00421 0.00487 -0.00548 -0.08852
129 1407038961.80 -0.00269 -0.00087 0.01499 0.01232
130 1407038962.00 -0.00263 -0.00034 0.00115 -0.09788
131 1407038962.20 0.00029 -0.00529 0.00628 -0.09583
132 1407038962.40 -0.00106 -0.00113 -0.01697 -0.12160
133 1407038962.60 0.00649 0.00778 0.01252 -0.06317
134 1407038962.80 -0.00555 -0.00400 0.00443 -0.15647
135 1407038963.00 0.00631 0.00018 0.00424 -0.00073
136 1407038963.20 -0.00229 -0.00330 0.00075 0.08122
137 1407038963.40 0.00345 0.00403 -0.00478 0.10461
138 1407038963.60 -0.00635 -0.00450 0.00842 -0.03606
139 1407038963.80 0.00311 0.00289 -0.00644 0.05776
140 1407038964.00 -0.00219 -0.00461 0.00660 0.03723
141 1407038964.20 0.00750 0.00272 0.00860 -0.00114
142 1407038964.40 -0.00533 0.00102 0.00371 -0.02187
143 1407038964.60 0.00507 0.00356 0.00160 0.05332
144 1407038964.80 0.00080 -0.00019 -0.00291 0.02502
145 1407038965.00 0.00058 -0.00368 0.00283 0.02842
146 1407038965.20 -0.00078 -0.00169 0.00870 0.05980
147 1407038965.40 0.00230 0.00062 0.00745 0.06978
148 1407038965.60 0.00286 -0.00285 -0.00393 0.06856
149 1407038965.80 -0.00681 0.00067 -0.00285 0.14230
150 1407038966.00 0.00452 0.00131 -0.00022 0.03845
151 1407038966.20 0.00441 0.00074 0.01501 0.10353
152 1407038966.40 -0.00839 -0.00604 -0.00929 0.11331
153 1407038966.60 0.00816 0.00370 -0.00074 0.12313
154 1407038966.80 -0.00535 0.00055 0.01408 0.07715
155 1407038967.00 0.00468 0.00104 -0.00901 0.05751
156 1407038967.20 -0.00293 -0.00456 0.01311 0.04355
157 1407038967.40 0.00303 -0.00018 -0.00188 0.03536
158 1407038967.60 -0.00777 0.00019 0.01513 0.17984
159 1407038967.80 0.00483 -0.00200 -0.00817 0.19330
160 1407038968.00 0.00671 0.00580 0.00861 0.04109
161 1407038968.20 -0.00604 -0.00147 -0.00852 0.00176
162 1407038968.40 -0.00056 -0.00029 0.00291 0.09768
163 1407038968.60 0.00687 0.00667 0.00132 0.09556
164 1407038968.80 0.00052 -0.00517 0.00874 0.02319
165 1407038969.00 0.00024 0.00392 0.00942 0.12902
166 1407038969.20 -0.00279 -0.00222 -0.00650 0.03957
167 1407038969.40 0.00369 -0.00308 -0.00456 0.07813
168 1407038969.60 -0.00036 0.00499 0.00567 0.11657
169 1407038969.80 -0.00422 -0.00066 0.00597 0.06290
170 1407038970.00 0.00642 -0.00545 0.00156 0.08574
171 1407038970.20 -0.00587 0.00114 -0.00209 -0.07107
172 1407038970.40 0.01035 0.00108 0.00928 -0.00935
173 1407038970.60 -0.00498 0.00060 -0.00568 -0.04372
174 1407038970.80 0.00107 0.00399 0.00742 -0.07149
175 1407038971.00 -0.00608 -0.00273 -0.00248 -0.11600
176 1407038971.20 0.00788 -0.00219 0.01482 -0.05938
177 1407038971.40 -0.00584 -0.00455 0.00624 -0.07859
178 1407038971.60 0.00492 0.00127 -0.00698 0.00604
179 1407038971.80 -0.00159 0.00413 0.00003 -0.06625
180 1407038972.00 0.00696 -0.00417 0.01505 -0.07125
181 1407038972.20 -0.00334 0.00260 -0.00225 -0.03548
182 1407038972.40 0.00585 -0.00267 0.00324 -0.03625
183 1407038972.60 -0.00394 0.00152 0.01214 -0.03118
184 1407038972.80 -0.00170 -0.00214 -0.01008 -0.08221
185 1407038973.00 0.00192 -0.00004 0.00596 -0.15967
186 1407038973.20 0.00388 0.00093 0.00869 0.01333
187 1407038973.40 -0.00205 0.00071 0.00195 -0.03590
188 1407038973.60 0.00167 -0.00252 -0.00101 0.05266
189 1407038973.80 0.00499 0.00547 -0.00103 -0.01360
190 1407038974.00 -0.00388 -0.00689 0.00810 0.02790
191 1407038974.20 -0.00476 -0.00438 -0.00819 -0.02290
192 1407038974.40 0.00290 0.00396 0.00598 0.04754
193 1407038974.60 0.00612 0.00079 0.01604 0.11703
194 1407038974.80 -0.00242 -0.00232 -0.00537 -0.01380
195 1407038975.00 -0.00085 0.00424 0.00464 0.00272
196 1407038975.20 -0.00155 -0.00304 0.00565 0.00379
197 1407038975.40 -0.00135 -0.00039 -0.00533 0.18113
198 1407038975.60 0.00205 -0.00061 -0.00439 0.13475
199 1407038975.80 -0.00359 -0.00279 0.01291 0.05937
200 1407038976.00 0.00660 0.00742 -0.01306 0.00727
201 1407038976.20 0.00371 -0.00643 0.00555 0.08950
202 1407038976.40 -0.01222 -0.00256 0.00404 0.07615
203 1407038976.60 0.00665 0.00323 -0.00266 0.08173
204 1407038976.80 -0.00503 -0.00222 0.00251 0.07794
205 1407038977.00 0.01133 -0.00083 0.00242 0.04791
206 1407038977.20 0.00659 0.00643 0.00521 0.02557
207 1407038977.40 -0.01133 -0.00839 0.00246 -0.10120
208 1407038977.60 0.00710 0.00447 -0.00189 -0.03341
209 1407038977.80 -0.00291 -0.00252 0.00632 -0.05049
210 1407038978.00 -0.00278 -0.00138 0.00742 -0.08000
211 1407038978.20 0.00773 0.00247 0.00173 -0.02298
212 1407038978.40 -0.00037 0.00234 -0.00282 0.01441
213 1407038978.60 0.00035 -0.00673 0.00521 -0.00019
214 1407038978.80 0.00382 0.00316 0.00252 -0.11178
215 1407038979.00 -0.00116 0.00085 0.00708 -0.08435
216 1407038979.20 -0.00199 0.00553 -0.00612 -0.09576
217 1407038979.40 0.00551 -0.00785 0.00557 -0.06033
218 1407038979.60 -0.00143 0.00324 0.01086 -0.17108
219 1407038979.80 0.00908 -0.00061 -0.00143 -0.10794
220 1407038980.00 0.00326 0.00707 -0.00344 -0.11834
221 1407038980.20 -0.00385 -0.00560 -0.00604 -0.16755
222 1407038980.40 -0.00704 -0.00066 0.01557 -0.17945
223 1407038980.60 0.00517 -0.00039 -0.00590 -0.13228
224 1407038980.80 0.00624 0.00461 0.00239 -0.21158
225 1407038981.00 0.00077 -0.00183 0.01451 -0.22179
226 1407038981.20 0.00368 -0.00019 -0.00378 -0.15294
227 1407038981.40 0.00003 0.00212 0.00304 -0.15935
228 1407038981.60 -0.00523 0.00092 0.00824 -0.15701
229 1407038981.80 0.00064 -0.00478 0.00234 -0.21711
230 1407038982.00 0.00005 0.00025 0.00591 -0.18428
231 1407038982.20 0.00520 -0.00103 -0.00697 0.03082
232 1407038982.40 0.00331 -0.00030 0.02136 0.10483
233 1407038982.60 0.00063 0.00594 -0.01266 0.01451
234 1407038982.80 -0.00093 -0.00599 0.00355 0.02714
235 1407038983.00 -0.00182 0.00063 -0.01028 0.05947
236 1407038983.20 0.00424 -0.00232 0.02215 0.06755
237 1407038983.40 -0.00130 0.00207 -0.00419 0.00588
238 1407038983.60 -0.00038 -0.00093 0.01155 0.09828
239 1407038983.80 0.00208 -0.00197 -0.00123 0.10618
240 1407038984.00 0.00002 0.00371 0.01002 0.07380
241 1407038984.20 0.00031 -0.00155 -0.00520 0.13475
242 1407038984.40 0.00094 -0.00342 0.00819 0.00643
243 1407038984.60 0.00023 0.00444 0.00163 0.02391
244 1407038984.80 -0.00657 -0.00664 0.01166 0.04113
245 1407038985.00 0.00602 0.00647 -0.00223 0.10985
246 1407038985.20 -0.00434 -0.00181 0.00186 0.07039
247 1407038985.40 0.00108 -0.00323 0.00546 0.09872
248 1407038985.60 0.00173 0.00358 -0.00489 0.03731
249 1407038985.80 -0.00359 -0.00260 -0.00513 0.10909
250 1407038986.00 0.00108 0.00021 0.01138 0.09254
251 1407038986.20 0.00325 0.00013 -0.00042 0.03822
252 1407038986.40 0.00103 0.00309 0.00736 -0.00095
253 1407038986.60 -0.00212 -0.00432 -0.00188 -0.01803
254 1407038986.80 0.00113 0.00227 -0.00729 0.02535
255 1407038987.00 0.00315 0.00056 0.01136 0.07230
256 1407038987.20 0.00487 0.00263 -0.00273 -0.02031
257 1407038987.40 -0.00488 -0.00664 0.00004 -0.05266
258 1407038987.60 0.00724 0.00838 0.00802 -0.09210
259 1407038987.80 -0.00895 -0.00424 0.00212 -0.11540
260 1407038988.00 0.00228 -0.00344 0.00281 -0.17715
261 1407038988.20 -0.00461 -0.00317 -0.00363 -0.13791
262 1407038988.40 0.00795 0.00402 0.00487 -0.10528
263 1407038988.60 -0.00251 0.00010 -0.00239 -0.12360
264 1407038988.80 0.00534 0.00035 0.00460 -0.10124
265 1407038989.00 0.00508 -0.00314 -0.00377 -0.07656
266 1407038989.20 -0.00671 -0.00120 0.00810 -0.00912
267 1407038989.40 -0.00401 -0.00658 -0.00055 -0.00722
268 1407038989.60 0.00524 0.00856 0.00289 -0.00598
269 1407038989.80 0.00239 -0.00148 -0.00760 -0.01006
270 1407038990.00 -0.00536 -0.00316 0.01711 0.11842
271 1407038990.20 0.00502 0.00534 -0.00240 0.15826
272 1407038990.40 -0.00113 -0.00191 0.00403 0.02218
273 1407038990.60 0.00173 -0.00262 0.00890 0.03429
274 1407038990.80 -0.00751 -0.00233 0.00668 0.10085
275 1407038991.00 0.00209 0.00258 0.00649 0.01981
276 1407038991.20 0.00837 0.00638 -0.01293 0.01367
277 1407038991.40 -0.00456 -0.00799 0.00819 -0.02089
278 1407038991.60 0.00335 0.00454 0.00525 0.00563
279 1407038991.80 0.00651 0.00192 0.00095 0.09182
280 1407038992.00 -0.00430 -0.00257 0.01188 0.03947
281 1407038992.20 0.00092 -0.00201 -0.00811 0.01173
282 1407038992.40 0.00368 -0.00184 0.00564 0.01106
283 1407038992.60 -0.00272 0.00576 0.01214 -0.02170
284 1407038992.80 0.00024 -0.00159 -0.00758 -0.01394
285 1407038993.00 0.00369 -0.00202 0.01371 0.00427
286 1407038993.20 -0.00145 0.00252 -0.00192 0.00413
287 1407038993.40 0.00591 0.00040 0.00965 0.07052
288 1407038993.60 -0.00197 -0.00026 -0.00025 0.08703
289 1407038993.80 -0.00162 -0.00327 -0.00111 0.09030
290 1407038994.00 0.00586 0.00489 -0.00030 0.06049
291 1407038994.20 0.00106 -0.00020 0.00903 0.17768
292 1407038994.40 0.00279 -0.00491 -0.02042 0.06666
293 1407038994.60 0.00002 0.00514 0.01383 0.14648
294 1407038994.80 -0.00821 -0.00508 -0.00042 0.08102
295 1407038995.00 0.01235 0.00062 0.00239 0.11757
296 1407038995.20 -0.00003 0.00142 0.00663 0.12874
297 1407038995.40 0.00359 0.00005 0.01137 0.01597
298 1407038995.60 0.00189 -0.00163 -0.00282 0.04308
299 1407038995.80 -0.00424 -0.00585 0.00702 0.00448
300 1407038996.00 0.00238 0.00589 0.00158 0.05798
301 1407038996.20 0.01048 0.00026 0.00189 0.08910
302 1407038996.40 -0.00769 -0.00396 -0.00637 -0.00578
303 1407038996.60 0.00384 0.00265 0.00620 0.05549
304 1407038996.80 -0.00023 -0.00002 -0.00209 -0.02799
305 1407038997.00 0.00900 -0.00221 0.00525 0.07511
306 1407038997.20 0.00245 0.00700 -0.00241 0.04297
307 1407038997.40 -0.00063 -0.00380 0.00614 0.12571
308 1407038997.60 0.00180 0.00246 0.00050 0.05167
309 1407038997.80 0.00039 0.00067 0.00612 0.03657
310 1407038998.00 0.00191 -0.00005 -0.00957 0.00108
311 1407038998.20 -0.00276 -0.00150 0.00688 -0.00894
312 1407038998.40 0.00620 0.00003 0.00679 -0.01644
313 1407038998.60 0.00388 0.00403 0.00417 -0.05428
314 1407038998.80 -0.00013 -0.00079 -0.00959 -0.09114
315 1407038999.00 -0.00225 -0.00131 0.00928 -0.02540
316 1407038999.20 0.00396 0.00523 0.01013 0.05898
317 1407038999.40 -0.00129 -0.00418 0.00052 -0.03615
318 1407038999.60 0.00608 0.00399 0.00753 -0.09507
319 1407038999.80 0.00099 -0.00389 -0.00560 -0.06756
320 1407039000.00 -0.00039 0.00608 0.00368 -0.06894
321 1407039000.20 -0.00600 -0.00575 0.00320 -0.03600
322 1407039000.40 0.00316 -0.00195 0.00142 -0.05467
323 1407039000.60 0.00830 0.00789 0.00327 -0.11002
324 1407039000.80 -0.00235 -0.00027 -0.00629 -0.07611
325 1407039001.00 0.00569 0.00205 0.00602 -0.01959
326 1407039001.20 -0.00001 -0.00321 -0.00194 -0.10948
327 1407039001.40 0.00278 -0.00045 0.00212 -0.06464
328 1407039001.60 -0.00054 -0.00072 -0.00176 -0.08631
329 1407039001.80 0.00447 0.00109 0.01795 -0.01979
330 1407039002.00 0.00277 -0.00024 -0.02591 -0.03564
331 1407039002.20 -0.00373 0.00089 0.01752 -0.06730
332 1407039002.40 0.00392 -0.00229 0.00342 -0.04707
333 1407039002.60 0.00777 0.00399 -0.00071 -0.04803
334 1407039002.80 -0.00665 -0.00441 -0.01334 -0.01948
335 1407039003.00 0.00722 0.00615 0.01212 0.08712
336 1407039003.20 -0.01185 -0.00048 -0.00726 0.03118
337 1407039003.40 0.00624 -0.00487 0.01278 -0.01248
338 1407039003.60 0.00245 0.00487 0.00517 0.08283
339 1407039003.80 -0.00198 -0.00196 -0.00869 -0.07084
340 1407039004.00 -0.00003 0.00159 0.01065 -0.00833
341 1407039004.20 0.00532 0.00240 0.00160 0.10377
342 1407039004.40 -0.00972 -0.00642 0.00191 0.13183
343 1407039004.60 0.01265 0.00632 -0.01084 0.09796
344 1407039004.80 -0.01141 -0.00211 0.01812 0.08212
345 1407039005.00 0.01326 0.00343 -0.00574 0.07956
346 1407039005.20 -0.00129 -0.00376 0.00983 0.08180
347 1407039005.40 -0.00462 0.00335 -0.00543 -0.08638
348 1407039005.60 0.00174 -0.00035 -0.00807 -0.04250
349 1407039005.80 -0.00202 -0.00562 0.00612 -0.02526
350 1407039006.00 -0.00132 0.00923 0.00850 -0.05236
351 1407039006.20 0.00301 -0.00506 0.00267 0.05201
352 1407039006.40 -0.00480 -0.00060 0.00069 -0.12356
353 1407039006.60 -0.00226 -0.00257 0.00174 -0.01651
354 1407039006.80 0.00594 -0.00284 0.01579 0.03226
355 1407039007.00 -0.00215 0.00304 -0.01589 0.03074
356 1407039007.20 0.00734 -0.00070 0.02210 0.00412
357 1407039007.40 -0.00446 0.00049 -0.00226 0.03924
358 1407039007.60 -0.00268 -0.00212 0.00800 -0.03747
359 1407039007.80 0.00664 -0.00064 -0.01666 0.00418
360 1407039008.00 0.00055 0.00090 -0.00559 0.03246
361 1407039008.20 -0.00506 -0.00623 0.01562 0.07476
362 1407039008.40 0.00770 0.00913 -0.00753 -0.04949
363 1407039008.60 0.00033 -0.00576 -0.00218 -0.07832
364 1407039008.80 -0.00659 0.00065 0.01543 -0.04048
365 1407039009.00 0.00394 0.00014 0.00053 -0.09358
366 1407039009.20 0.00061 -0.00147 0.01107 0.05183
367 1407039009.40 0.00217 0.00195 0.00306 0.04284
368 1407039009.60 0.00370 0.00152 -0.00182 0.04897
369 1407039009.80 -0.00127 -0.00086 0.00266 0.15150
370 1407039010.00 -0.00946 -0.00192 0.00169 0.11444
371 1407039010.20 0.00234 -0.00183 0.00664 0.02825
372 1407039010.40 0.00474 0.00617 0.00018 0.00203
373 1407039010.60 0.00670 -0.00177 -0.00497 -0.02114
374 1407039010.80 -0.00344 0.00219 0.01908 0.01744
375 1407039011.00 0.00285 -0.00749 0.00463 0.02701
376 1407039011.20 -0.00163 0.00477 -0.01512 0.03661
377 1407039011.40 -0.00003 0.00638 0.00981 0.02064
378 1407039011.60 -0.00319 -0.00810 -0.00415 0.21143
379 1407039011.80 0.00807 0.00306 0.00647 0.10299
380 1407039012.00 0.00402 0.00049 0.00656 -0.01361
381 1407039012.20 -0.00747 -0.00410 0.00215 0.02669
382 1407039012.40 0.00321 0.00002 -0.00093 -0.01366
383 1407039012.60 0.00003 0.00212 0.00635 0.02224
384 1407039012.80 0.00692 0.00132 0.00930 0.02341
385 1407039013.00 -0.00086 -0.00116 0.00682 0.01513
386 1407039013.20 0.00189 -0.00256 -0.01140 -0.11933
387 1407039013.40 0.00162 0.00377 0.01382 -0.02162
388 1407039013.60 0.00109 -0.00334 0.00458 -0.07414
389 1407039013.80 0.00159 0.00231 -0.00484 -0.05316
390 1407039014.00 -0.00180 -0.00102 0.00822 -0.03235
391 1407039014.20 -0.00067 -0.00251 -0.00970 -0.09117
392 1407039014.40 0.00833 0.00901 0.01073 -0.15074
393 1407039014.60 -0.00407 -0.01002 -0.00289 -0.04674
394 1407039014.80 0.00132 0.00451 0.00674 -0.09042
395 1407039015.00 -0.00207 -0.00079 0.00673 -0.09736
396 1407039015.20 -0.01106 -0.00438 -0.00028 -0.05241
397 1407039015.40 0.00951 0.00370 0.00970 -0.08284
398 1407039015.60 0.00173 0.00220 -0.01139 -0.06526
399 1407039015.80 -0.00224 -0.00028 0.01771 0.00849
400 1407039016.00 0.00266 0.00403 -0.00247 -0.02856
401 1407039016.20 -0.00450 -0.00351 -0.00584 -0.04775
402 1407039016.40 -0.00411 -0.00476 -0.01282 -0.03702
403 1407039016.60 0.00230 -0.00022 0.01293 0.02389
404 1407039016.80 -0.00059 0.00041 -0.00104 0.03322
405 1407039017.00 -0.00041 -0.00135 0.00009 -0.02108
406 1407039017.20 0.00254 0.00343 0.01172 0.01091
407 1407039017.40 -0.00899 -0.00729 -0.00318 0.06778
408 1407039017.60 -0.00405 -0.00104 0.00819 0.01914
409 1407039017.80 0.00115 0.00040 0.00003 0.07643
410 1407039018.00 -0.00188 0.00056 0.00130 0.06221
411 1407039018.20 -0.01183 -0.00730 -0.00040 0.08506
412 1407039018.40 0.00333 -0.00004 0.01317 -0.00878
413 1407039018.60 -0.00172 0.00839 -0.01504 0.07082
414 1407039018.80 0.00290 -0.00513 -0.00247 0.00286
415 1407039019.00 0.00362 -0.00229 0.01283 0.01895
416 1407039019.20 0.00069 -0.00334 0.00239 0.10478
417 1407039019.40 -0.00712 -0.00831 -0.01209 0.04843
418 1407039019.60 0.00640 0.00615 0.00654 0.05220
419 1407039019.80 -0.00166 -0.00310 -0.00202 -0.06337
420 1407039020.00 0.00285 -0.00638 0.00816 -0.07656
421 1407039020.20 0.00274 0.00057 -0.00375 -0.02927
422 1407039020.40 -0.00257 -0.00590 0.00787 -0.00020
423 1407039020.60 -0.00617 0.00199 0.00169 -0.10113
424 1407039020.80 0.02183 -0.00331 0.02311 -0.04120
425 1407039021.00 -0.00699 -0.01334 -0.02027 0.02339
426 1407039021.20 -0.00352 -0.01112 0.01488 0.05295
427 1407039021.40 0.00960 0.00586 -0.00169 0.09131
428 1407039021.60 -0.00304 -0.00728 0.01107 0.14461
429 1407039021.80 0.00140 -0.00486 0.01216 0.16558
430 1407039022.00 0.01275 -0.01406 -0.02253 0.10927
431 1407039022.20 0.00752 -0.00958 0.01648 0.03142
432 1407039022.40 0.05651 0.01015 -0.00750 0.02264
433 1407039022.60 -0.04622 0.12243 0.01602 0.07332
434 1407039022.80 -0.09648 0.09515 -0.02809 0.02396
435 1407039023.00 0.03975 -0.14890 0.04724 -0.01966
436 1407039023.20 0.03229 -0.05333 -0.00139 -0.06245
437 1407039023.40 0.03347 0.04840 0.00284 -0.05546
438 1407039023.60 -0.01877 0.00782 0.01737 -0.12648
439 1407039023.80 -0.00503 0.00708 0.00896 0.03237
440 1407039024.00 -0.01632 -0.00445 -0.01818 -0.04909
441 1407039024.20 0.01390 -0.00458 0.02372 -0.01200
442 1407039024.40 0.01138 -0.02247 -0.01231 -0.00410
443 1407039024.60 -0.00008 0.04642 0.00466 0.07946
444 1407039024.80 -0.00779 -0.03829 0.01618 0.12598
445 1407039025.00 0.01347 -0.01420 -0.00091 0.18214
446 1407039025.20 -0.00645 0.04580 0.00556 0.09585
447 1407039025.40 0.00580 -0.00852 0.00887 -0.03614
448 1407039025.60 -0.00740 0.01239 0.00531 0.01498
449 1407039025.80 -0.00447 -0.03855 0.00618 0.02379
450 1407039026.00 0.01013 0.02177 0.00810 0.07087
451 1407039026.20 0.01818 0.00980 0.00874 0.12308
452 1407039026.40 -0.01717 -0.01817 -0.02290 -0.04975
453 1407039026.60 -0.00617 -0.01504 0.00735 0.00960
454 1407039026.80 0.00620 0.00508 0.01074 0.09290
455 1407039027.00 0.00379 -0.00078 -0.00642 0.06126
456 1407039027.20 -0.01210 0.00529 -0.00922 -0.01690
457 1407039027.40 -0.01195 0.00054 0.00610 0.04924
458 1407039027.60 0.01528 0.00285 0.00716 -0.04321
459 1407039027.80 0.00318 0.01178 0.01520 -0.02039
460 1407039028.00 0.00129 -0.01020 -0.01708 -0.12578
461 1407039028.20 -0.00731 -0.00744 -0.01114 -0.04759
462 1407039028.40 0.00417 0.00268 0.01354 -0.00758
463 1407039028.60 0.00850 0.00482 0.00686 -0.08073
464 1407039028.80 -0.00864 0.00103 -0.01713 -0.16675
465 1407039029.00 0.01478 -0.01266 0.01748 -0.07211
466 1407039029.20 -0.00929 -0.00884 -0.01807 -0.13580
467 1407039029.40 -0.01548 0.00670 0.00368 -0.11671
468 1407039029.60 0.01110 0.00585 0.01505 -0.13206
469 1407039029.80 0.01312 -0.00572 -0.00566 -0.11839
470 1407039030.00 -0.00808 -0.00584 0.02283 -0.10025
471 1407039030.20 -0.01262 0.00193 -0.01111 -0.14936
472 1407039030.40 -0.00543 -0.00466 -0.01437 -0.19493
473 1407039030.60 0.00306 0.00830 0.00598 -0.21719
474 1407039030.80 0.00198 0.00636 -0.00481 -0.17970
475 1407039031.00 0.00567 -0.00719 0.01903 -0.23368
476 1407039031.20 0.00817 -0.00981 0.01146 -0.16910
477 1407039031.40 -0.00451 0.00015 -0.00600 -0.12987
478 1407039031.60 -0.02625 0.01051 -0.01044 -0.14659
479 1407039031.80 0.00937 0.00284 0.02225 -0.15382
480 1407039032.00 0.00596 -0.00823 0.01187 -0.09934
481 1407039032.20 -0.00601 -0.01620 -0.01820 -0.08637
482 1407039032.40 0.01929 0.01279 0.01035 -0.06054
483 1407039032.60 -0.01342 -0.00019 0.00089 -0.06072
484 1407039032.80 0.00826 -0.00014 -0.00920 0.09663
485 1407039033.00 -0.00690 0.00929 0.00045 0.12163
486 1407039033.20 0.00127 0.01573 -0.00036 0.17020
487 1407039033.40 0.00538 0.00171 -0.00524 0.11437
488 1407039033.60 0.00936 -0.00791 0.00985 0.07097
489 1407039033.80 -0.01040 -0.01336 -0.01023 0.05102
490 1407039034.00 0.01014 0.00265 0.00750 0.20547
491 1407039034.20 0.00044 0.00936 -0.00844 0.10021
492 1407039034.40 0.00889 0.00954 0.00256 0.04806
493 1407039034.60 0.00770 -0.01105 0.00882 0.08652
494 1407039034.80 0.00936 -0.00505 0.00243 0.14717
495 1407039035.00 0.00196 -0.01320 -0.00262 0.06074
496 1407039035.20 -0.00230 -0.00031 0.00045 0.02575
497 1407039035.40 0.00727 -0.00089 -0.00424 0.03243
498 1407039035.60 0.00007 0.00813 0.00709 0.01911
499 1407039035.80 0.00481 0.01116 0.00917 -0.08947
500 1407039036.00 0.00220 0.00493 -0.00176 -0.07721
501 1407039036.20 0.00090 0.01338 0.01474 -0.06316
502 1407039036.40 0.01124 -0.01340 -0.00430 -0.06581
503 1407039036.60 -0.01597 -0.01230 0.00485 -0.22991
504 1407039036.80 0.00026 0.00313 -0.00168 -0.02692
505 1407039037.00 0.01843 0.00358 0.01211 -0.09451
506 1407039037.20 0.00262 0.00361 -0.00135 -0.10378
507 1407039037.40 -0.00001 -0.00682 -0.00020 0.02453
508 1407039037.60 -0.00261 0.00076 -0.00078 -0.03156
509 1407039037.80 -0.01200 -0.00505 0.00028 0.05268
510 1407039038.00 0.00850 0.00310 0.00129 -0.01628
511 1407039038.20 -0.00412 0.01063 -0.00151 -0.07640
512 1407039038.40 0.00047 0.00749 0.00254 -0.01953
513 1407039038.60 0.00794 0.00890 0.01108 0.06630
514 1407039038.80 0.00116 -0.00790 -0.01817 0.11321
515 1407039039.00 0.00427 0.00344 0.00932 0.01175
516 1407039039.20 0.00075 -0.00378 0.00751 0.06412
517 1407039039.40 0.00915 -0.00437 0.00399 -0.04696
518 1407039039.60 -0.00349 -0.00209 0.01712 0.02162
519 1407039039.80 -0.00169 -0.01092 -0.00990 0.05461
520 1407039040.00 0.00790 0.01065 0.00228 0.12997
521 1407039040.20 -0.00373 0.00424 0.01926 0.15172
522 1407039040.40 0.00945 -0.00256 0.00186 0.15635
523 1407039040.60 0.00615 -0.00096 0.00230 0.18973
524 1407039040.80 -0.01180 -0.00638 0.00174 0.21073
525 1407039041.00 -0.00050 0.00257 0.00549 0.24719
526 1407039041.20 -0.00146 0.00044 -0.00543 0.15259
527 1407039041.40 0.00295 -0.00235 0.00894 0.16962
528 1407039041.60 0.00043 0.00635 -0.00309 0.03240
529 1407039041.80 0.01172 0.00672 -0.00790 0.10699
530 1407039042.00 -0.00128 0.00106 0.00499 0.14820
531 1407039042.20 0.00553 -0.00375 -0.01870 0.03168
532 1407039042.40 0.00050 -0.00469 0.01043 0.02248
533 1407039042.60 0.00063 -0.00009 0.00622 -0.10885
534 1407039042.80 0.00773 -0.00069 -0.00688 0.00218
535 1407039043.00 -0.00656 0.00337 0.01605 -0.03706
536 1407039043.20 0.01313 0.00834 0.00740 -0.04516
537 1407039043.40 -0.00720 -0.00113 -0.00015 -0.11080
538 1407039043.60 0.00385 -0.00357 0.01129 -0.03774
539 1407039043.80 0.00109 -0.00603 -0.01012 0.00174
540 1407039044.00 -0.00294 -0.00221 -0.00561 0.10617
541 1407039044.20 0.00511 0.00279 0.01413 -0.02178
542 1407039044.40 0.00235 -0.00887 -0.00925 -0.03783
543 1407039044.60 0.00378 0.00820 0.01090 -0.01403
544 1407039044.80 -0.00425 -0.01082 -0.00147 -0.00055
545 1407039045.00 0.00794 0.00921 0.01155 0.05889
546 1407039045.20 -0.00449 -0.00371 0.00352 -0.05430
547 1407039045.40 0.00743 -0.00504 -0.01422 0.00796
548 1407039045.60 -0.01409 0.00293 0.00879 0.03428
549 1407039045.80 -0.00461 -0.00344 0.00039 -0.03135
550 1407039046.00 0.01356 0.00605 -0.00506 0.01705
551 1407039046.20 -0.01002 -0.00345 0.01244 0.00686
552 1407039046.40 -0.00471 -0.00389 -0.00399 -0.03374
553 1407039046.60 0.00416 0.00186 0.00764 0.06665
554 1407039046.80 -0.01514 -0.00213 0.00281 0.00281
555 1407039047.00 0.01581 0.00379 0.01084 0.00113
556 1407039047.20 0.00060 -0.00709 -0.00909 0.03956
557 1407039047.40 0.00570 0.00176 0.00411 -0.04556
558 1407039047.60 -0.00379 -0.00688 -0.00707 -0.10013
559 1407039047.80 0.00636 0.00629 0.00963 -0.08163
560 1407039048.00 -0.01046 -0.00360 0.00264 -0.14510
561 1407039048.20 0.00317 0.00099 0.00600 -0.20497
562 1407039048.40 -0.00816 -0.00043 -0.00256 -0.18489
563 1407039048.60 0.01670 0.00519 -0.01107 -0.12809
564 1407039048.80 -0.01292 -0.01149 0.02028 -0.09905
565 1407039049.00 0.01642 0.00502 0.00755 -0.09762
566 1407039049.20 -0.00252 -0.00242 -0.01679 0.02827
567 1407039049.40 -0.00900 0.00100 -0.00129 0.01873
568 1407039049.60 0.00914 0.00327 0.00626 -0.05578
569 1407039049.80 0.00260 -0.00369 0.00069 0.05649
570 1407039050.00 0.00380 0.00614 0.02090 0.06623
571 1407039050.20 0.00148 -0.00018 -0.00191 0.07855
572 1407039050.40 0.00487 0.00489 0.00792 0.10678
573 1407039050.60 -0.00325 -0.00683 -0.00013 0.10712
574 1407039050.80 -0.00004 -0.00178 0.00104 0.04816
575 1407039051.00 -0.00117 -0.00206 0.01488 -0.06975
576 1407039051.20 0.00705 0.00417 0.00026 0.02634
577 1407039051.40 -0.00315 -0.00380 0.00139 -0.03421
578 1407039051.60 -0.00002 0.00306 0.00615 0.03743
579 1407039051.80 0.00370 -0.00003 -0.00380 0.04325
580 1407039052.00 0.00181 -0.00121 0.00457 -0.00199
581 1407039052.20 0.00833 -0.00076 0.01391 0.05776
582 1407039052.40 -0.00973 0.00391 -0.00930 -0.00501
583 1407039052.60 0.00343 -0.00270 0.00892 0.01684
584 1407039052.80 0.00383 0.00062 -0.00592 0.14755
585 1407039053.00 0.00832 0.00703 0.01196 0.06277
586 1407039053.20 0.00997 -0.00376 0.00910 0.09615
587 1407039053.40 -0.00751 -0.00168 0.01041 0.08866
588 1407039053.60 0.00323 0.00161 -0.00604 0.01250
589 1407039053.80 -0.00206 -0.00342 0.00685 -0.00353
590 1407039054.00 0.00627 0.00471 0.00615 0.06811
591 1407039054.20 -0.00416 0.00124 0.00513 -0.06945
592 1407039054.40 0.00964 0.00355 -0.00138 -0.01882
593 1407039054.60 -0.00228 0.00106 0.00013 -0.05632
594 1407039054.80 0.00202 -0.00995 0.00076 0.05825
595 1407039055.00 0.00563 0.00355 0.00639 0.07033
596 1407039055.20 0.00800 -0.00186 0.01018 0.02497
597 1407039055.40 -0.00907 -0.00706 -0.00944 0.07346
598 1407039055.60 0.00112 0.00011 0.00867 0.03845
599 1407039055.80 0.00546 0.00534 0.00091 0.13556
600 1407039056.00 -0.00120 -0.00071 0.00677 0.01903
